What I have found while experimenting with implementation details is that the
marginal probabilities depend significantly on the clique used to calculate them
(that is, the choice between all the cliques containing a specified variable).

More specifically, picking a parity factor produces some errors, while picking a
single-variable factor produces none (at least for part C).

The plot "plot_c.png" and the output probabilities below correspond to the (more
interesting) case of using parity factors.
When running the same code, but picking single-variable factors for marginals, I
get all marginal probabilities equal to [1.0 0.0] and the plot is a trivial
horizontal line.

Program output below:

Doing part (c)


Transmitted message: [0 1 0 0 0 0 0 0 0 0 0 0 0 1 1 0 1 0 0 0 0 0 1 0 0 0 0 0 0 0 0 0 0 0 0 0 1
 0 0 0 0 0 0 0 0 0 0 0 0 1 0 0 0 0 0 0 0 0 0 0 0 0 0 1 0 0 0 0 0 0 0 0 0 0
 0 0 0 0 0 0 0 0 0 0 0 0 0 0 0 0 0 1 0 0 0 1 0 0 0 0 0 0 0 0 0 0 0 0 1 0 0
 0 0 1 0 0 0 0 0 0 0 0 0 0 0 0 0 0 0 0 0 0 0 1 0 0 0 0 0 0 0 0 1 1 0 0 0 0
 0 0 0 0 0 0 0 0 0 0 0 0 0 0 0 1 1 0 0 0 1 0 0 0 0 0 0 0 0 0 0 0 0 0 0 0 0
 0 0 0 0 1 0 0 0 0 0 0 0 0 0 0 0 1 0 0 0 0 0 0 0 0 0 0 0 0 0 0 0 0 0 0 0 0
 0 0 0 0 1 0 0 0 0 0 0 0 0 0 0 0 0 0 0 0 0 0 0 0 0 0 0 0 0 0 0 0 0 0]

Marginals for message bits below:
[ 0.83027858  0.16972142]
[ 0.16972142  0.83027858]
[ 0.98662991  0.01337009]
[ 0.98662991  0.01337009]
[ 0.98662991  0.01337009]
[ 0.98415207  0.01584793]
[ 0.98662991  0.01337009]
[ 0.98662991  0.01337009]
[ 0.83027858  0.16972142]
[ 0.98918887  0.01081113]
[ 0.98662991  0.01337009]
[ 0.83027858  0.16972142]
[ 0.98662991  0.01337009]
[ 0.01337009  0.98662991]
[ 0.16972142  0.83027858]
[ 0.98662991  0.01337009]
[ 0.16972142  0.83027858]
[ 0.98662991  0.01337009]
[ 0.85322677  0.14677323]
[ 0.83027858  0.16972142]
[ 0.98662991  0.01337009]
[ 0.98918887  0.01081113]
[ 0.01584793  0.98415207]
[ 0.98918887  0.01081113]
[ 0.98918887  0.01081113]
[ 0.98662991  0.01337009]
[ 0.98415207  0.01584793]
[ 0.98662991  0.01337009]
[ 0.83027858  0.16972142]
[ 0.98662991  0.01337009]
[ 0.98415207  0.01584793]
[ 0.79779493  0.20220507]
[ 0.83027858  0.16972142]
[ 0.98918887  0.01081113]
[ 0.98415207  0.01584793]
[ 0.98662991  0.01337009]
[ 0.14677323  0.85322677]
[ 0.98662991  0.01337009]
[ 0.98662991  0.01337009]
[ 0.98662991  0.01337009]
[ 0.83027858  0.16972142]
[ 0.98662991  0.01337009]
[ 0.98662991  0.01337009]
[ 0.98662991  0.01337009]
[ 0.83027858  0.16972142]
[ 0.98415207  0.01584793]
[ 0.99181813  0.00818187]
[ 0.98415207  0.01584793]
[ 0.85322677  0.14677323]
[ 0.16972142  0.83027858]
[ 0.98662991  0.01337009]
[ 0.98662991  0.01337009]
[ 0.83027858  0.16972142]
[ 0.98662991  0.01337009]
[ 0.98918887  0.01081113]
[ 0.98662991  0.01337009]
[ 0.83027858  0.16972142]
[ 0.83027858  0.16972142]
[ 0.98415207  0.01584793]
[ 0.98662991  0.01337009]
[ 0.98662991  0.01337009]
[ 0.98918887  0.01081113]
[ 0.98662991  0.01337009]
[ 0.16972142  0.83027858]
[ 0.83027858  0.16972142]
[ 0.83027858  0.16972142]
[ 0.98662991  0.01337009]
[ 0.79779493  0.20220507]
[ 0.98415207  0.01584793]
[ 0.98662991  0.01337009]
[ 0.98918887  0.01081113]
[ 0.98662991  0.01337009]
[ 0.98662991  0.01337009]
[ 0.98415207  0.01584793]
[ 0.83027858  0.16972142]
[ 0.83027858  0.16972142]
[ 0.98662991  0.01337009]
[ 0.98662991  0.01337009]
[ 0.98662991  0.01337009]
[ 0.83027858  0.16972142]
[ 0.98662991  0.01337009]
[ 0.98918887  0.01081113]
[ 0.98662991  0.01337009]
[ 0.98662991  0.01337009]
[ 0.98918887  0.01081113]
[ 0.98662991  0.01337009]
[ 0.98662991  0.01337009]
[ 0.98918887  0.01081113]
[ 0.98662991  0.01337009]
[ 0.83027858  0.16972142]
[ 0.98918887  0.01081113]
[ 0.14677323  0.85322677]
[ 0.98662991  0.01337009]
[ 0.98662991  0.01337009]
[ 0.98662991  0.01337009]
[ 0.01337009  0.98662991]
[ 0.83027858  0.16972142]
[ 0.83027858  0.16972142]
[ 0.98662991  0.01337009]
[ 0.83027858  0.16972142]
[ 0.98662991  0.01337009]
[ 0.98662991  0.01337009]
[ 0.98918887  0.01081113]
[ 0.98662991  0.01337009]
[ 0.98415207  0.01584793]
[ 0.98662991  0.01337009]
[ 0.98662991  0.01337009]
[ 0.98662991  0.01337009]
[ 0.20220507  0.79779493]
[ 0.98662991  0.01337009]
[ 0.98662991  0.01337009]
[ 0.83027858  0.16972142]
[ 0.99181813  0.00818187]
[ 0.20220507  0.79779493]
[ 0.79779493  0.20220507]
[ 0.98662991  0.01337009]
[ 0.98662991  0.01337009]
[ 0.98662991  0.01337009]
[ 0.83027858  0.16972142]
[ 0.83027858  0.16972142]
[ 0.98662991  0.01337009]
[ 0.98918887  0.01081113]
[ 0.83027858  0.16972142]
[ 0.98662991  0.01337009]
[ 0.98918887  0.01081113]
[ 0.83027858  0.16972142]
[ 0.83027858  0.16972142]
[ 0.98918887  0.01081113]
[ 0.98662991  0.01337009]
[ 0.83027858  0.16972142]
[ 0.98662991  0.01337009]
[ 0.83027858  0.16972142]
[ 0.98662991  0.01337009]
[ 0.01584793  0.98415207]
[ 0.83027858  0.16972142]
[ 0.79779493  0.20220507]
[ 0.98918887  0.01081113]
[ 0.98662991  0.01337009]
[ 0.98662991  0.01337009]
[ 0.98662991  0.01337009]
[ 0.98662991  0.01337009]
[ 0.98662991  0.01337009]
[ 0.16972142  0.83027858]
[ 0.01081113  0.98918887]
[ 0.98918887  0.01081113]
[ 0.98662991  0.01337009]
[ 0.99181813  0.00818187]
[ 0.98662991  0.01337009]
[ 0.98662991  0.01337009]
[ 0.98662991  0.01337009]
[ 0.98918887  0.01081113]
[ 0.83027858  0.16972142]
[ 0.98662991  0.01337009]
[ 0.85322677  0.14677323]
[ 0.99181813  0.00818187]
[ 0.98662991  0.01337009]
[ 0.98662991  0.01337009]
[ 0.98662991  0.01337009]
[ 0.83027858  0.16972142]
[ 0.98662991  0.01337009]
[ 0.83027858  0.16972142]
[ 0.79779493  0.20220507]
[ 0.98918887  0.01081113]
[ 0.01081113  0.98918887]
[ 0.16972142  0.83027858]
[ 0.98918887  0.01081113]
[ 0.98918887  0.01081113]
[ 0.98662991  0.01337009]
[ 0.16972142  0.83027858]
[ 0.98662991  0.01337009]
[ 0.98662991  0.01337009]
[ 0.79779493  0.20220507]
[ 0.98662991  0.01337009]
[ 0.98662991  0.01337009]
[ 0.98662991  0.01337009]
[ 0.98662991  0.01337009]
[ 0.83027858  0.16972142]
[ 0.98918887  0.01081113]
[ 0.98662991  0.01337009]
[ 0.85322677  0.14677323]
[ 0.98662991  0.01337009]
[ 0.98662991  0.01337009]
[ 0.83027858  0.16972142]
[ 0.83027858  0.16972142]
[ 0.83027858  0.16972142]
[ 0.79779493  0.20220507]
[ 0.83027858  0.16972142]
[ 0.98662991  0.01337009]
[ 0.98662991  0.01337009]
[ 0.16972142  0.83027858]
[ 0.83027858  0.16972142]
[ 0.85322677  0.14677323]
[ 0.98415207  0.01584793]
[ 0.98415207  0.01584793]
[ 0.85322677  0.14677323]
[ 0.83027858  0.16972142]
[ 0.98662991  0.01337009]
[ 0.83027858  0.16972142]
[ 0.83027858  0.16972142]
[ 0.98662991  0.01337009]
[ 0.98662991  0.01337009]
[ 0.16972142  0.83027858]
[ 0.98662991  0.01337009]
[ 0.98662991  0.01337009]
[ 0.83027858  0.16972142]
[ 0.83027858  0.16972142]
[ 0.98415207  0.01584793]
[ 0.98662991  0.01337009]
[ 0.98662991  0.01337009]
[ 0.98415207  0.01584793]
[ 0.83027858  0.16972142]
[ 0.79779493  0.20220507]
[ 0.85322677  0.14677323]
[ 0.98662991  0.01337009]
[ 0.98662991  0.01337009]
[ 0.98415207  0.01584793]
[ 0.98662991  0.01337009]
[ 0.98662991  0.01337009]
[ 0.98918887  0.01081113]
[ 0.98176459  0.01823541]
[ 0.83027858  0.16972142]
[ 0.98662991  0.01337009]
[ 0.98662991  0.01337009]
[ 0.98662991  0.01337009]
[ 0.98918887  0.01081113]
[ 0.98662991  0.01337009]
[ 0.16972142  0.83027858]
[ 0.98662991  0.01337009]
[ 0.98662991  0.01337009]
[ 0.98662991  0.01337009]
[ 0.83027858  0.16972142]
[ 0.83027858  0.16972142]
[ 0.98662991  0.01337009]
[ 0.98662991  0.01337009]
[ 0.83027858  0.16972142]
[ 0.98662991  0.01337009]
[ 0.85322677  0.14677323]
[ 0.98662991  0.01337009]
[ 0.83027858  0.16972142]
[ 0.83027858  0.16972142]
[ 0.98662991  0.01337009]
[ 0.98662991  0.01337009]
[ 0.83027858  0.16972142]
[ 0.98918887  0.01081113]
[ 0.85322677  0.14677323]
[ 0.98662991  0.01337009]
[ 0.98662991  0.01337009]
[ 0.98662991  0.01337009]
[ 0.83027858  0.16972142]
[ 0.83027858  0.16972142]
[ 0.98918887  0.01081113]
[ 0.83027858  0.16972142]
[ 0.98415207  0.01584793]
[ 0.98918887  0.01081113]
[ 0.85322677  0.14677323]
[ 0.98662991  0.01337009]
